[main]
width = 1033
height = 545
fullscreen = no

[demos.CD0]
exposure_time = 12740.726123890596
balance_ratio = 2.076777219772339

[demos.PD]
exposure_time = 15636.281505471321
balance_ratio = 1.8565843105316162

[demos.PlSupD]
exposure_time = 17685.7795488335

[demos.DD]
exposure_time = 14997.507309998944
balance_ratio = 1.4613556861877441

[demos.TD0]
exposure_time = 17218.941631161815

[demos.CD-GeCo]
exposure_time = 17277.227075531006
threshold = 0.670116662979126
balance_ratio = 1.6767578125

[demos.NYCD]
exposure_time = 22595.214645385742

[demos.OT]
exposure_time = 18510.701375235247

